0,319
0,318
0,317
0,316
24,52
24,51
24,50
24,49
24,48
24,47
24,46
24,45
24,44
24,43
24,42
24,41
24,40
24,39
24,38
24,37
27,6
27,5
27,4
27,3
27,2
27,1
27,0
26,4
26,3
26,2
0,283
0,243
26,1
26,0
25,3
25,2
0,9
25,1
25,0
24,36
24,35
10,189
10,154
10,225
10,21
10,203
11,15
11,11
11,17
9,5
9,7
8,7
8,8
8,15
8,10
8,13
20,3
20,2
20,1
19,3
19,2
19,1
12,3
12,2
12,1
11,28
11,27
11,26
11,25
11,24
11,23
11,22
11,21
11,20
11,19
11,18
11,16
11,14
11,12
11,7
11,6
11,3
11,2
18,1
11,1
10,302
18,3
10,301
10,300
10,299
